[ground.png]
backuphash=42680
text=1;130;5;Snake;Code Light;0.390175,0.010552,0.079069,6.283185;v1,4294967295,4278190080,128.000000,1.000000,0.000000,1.000000,400,0,49152;;
textactive=1
